593 17
1200 65
643 21
592 12
344 14
345 17
346 17
347 15
340 11
341 11
342 16
343 16
348 16
349 14
1296 10
594 17
2318 40
2319 100
2316 60
2317 105
2314 135
2315 41
2312 32
2313 81
2310 80
2311 43
298 68
299 14
296 16
297 18
294 12
295 16
292 26
293 18
290 12
291 16
270 15
271 20
272 54
273 15
274 23
275 17
276 49
277 18
278 94
279 15
738 12
2268 69
2269 19
2262 54
2263 107
2260 23
2261 67
2266 58
2267 53
2264 67
2265 111
2442 14
2443 17
2440 21
2441 14
2446 30
2447 39
2444 29
2445 18
2448 15
2449 45
2189 98
108 17
109 14
102 19
103 77
100 17
101 13
106 78
107 15
104 79
105 20
2046 123
2047 64
2044 19
2045 19
2042 37
2043 20
2040 19
2041 20
1297 11
2048 51
2049 42
2839 51
2838 95
2038 19
2835 66
2834 60
1375 12
2688 86
2689 19
2684 96
2685 37
2686 58
2687 85
2680 82
2681 68
2682 81
2683 79
1437 16
645 13
99 15
98 19
91 15
90 21
93 27
92 65
95 70
94 28
97 24
96 58
1623 88
1990 12
1993 18
1620 61
1627 54
3202 79
1625 71
1624 29
1999 48
1998 48
1629 52
1628 64
2860 93
2861 20
2862 74
2863 61
2864 95
2865 89
2866 68
2867 59
2868 81
2869 54
557 11
556 15
551 16
550 17
553 18
552 13
1199 66
1198 49
1365 99
1191 13
1190 17
1193 10
1192 14
1195 73
1194 105
1197 94
1196 62
1759 14
1758 16
1757 20
1756 17
1755 18
1754 71
1753 62
1752 75
1751 79
1750 86
1177 12
1176 15
1175 12
1174 13
1173 53
1172 71
1171 73
1170 110
1179 90
1178 15
511 15
510 15
513 11
644 65
1285 22
1284 16
1287 17
1286 20
1281 50
1280 69
1283 12
1282 58
515 16
879 17
1289 14
1288 53
514 11
1579 18
1578 18
689 30
688 17
685 13
684 14
687 12
686 10
681 19
680 14
683 16
682 14
623 12
1226 65
1240 11
621 12
1224 40
627 10
626 21
2037 19
1221 12
2036 89
1243 22
624 12
2035 123
407 18
1370 14
405 43
404 15
403 21
402 11
1377 13
400 22
1379 90
1378 17
1342 12
409 82
408 20
1343 12
2031 62
1242 13
1344 51
2192 41
2030 86
1345 39
9 13
456 11
1347 68
1018 12
1245 13
265 44
379 9
378 17
647 16
371 12
370 11
373 13
372 11
375 10
374 10
377 10
376 10
1244 14
393 20
392 15
391 14
390 17
397 81
396 76
395 11
394 13
399 21
398 12
2309 35
2308 81
2301 85
2300 71
2303 32
2302 94
2305 82
2304 54
2307 80
2306 49
1246 11
245 19
244 13
247 13
246 16
241 62
240 19
243 88
242 44
249 18
248 55
2275 75
2274 91
2277 69
2276 80
2271 17
2270 23
2273 76
2272 48
2279 24
2278 21
2459 18
2458 17
2156 23
2455 75
2454 60
2457 61
2456 73
2451 106
2450 67
2453 87
2452 75
179 19
178 12
177 24
176 17
175 22
174 23
173 14
172 12
171 15
170 17
2051 95
2050 78
2053 103
2052 57
2055 20
2054 111
2057 25
2056 19
2059 69
2058 20
654 16
655 49
3089 53
1507 64
650 15
651 17
1508 15
1364 49
1509 17
3081 104
1977 69
658 23
2699 85
1976 113
2697 102
2696 56
2695 93
3082 58
2693 23
1975 65
2691 30
2690 18
2405 20
1974 94
1973 58
1972 49
1971 23
1970 28
1362 94
1968 27
1969 17
1618 18
1619 43
1616 49
1617 17
1614 72
1967 18
1960 72
1613 69
1610 54
1611 42
1363 50
2873 75
2872 15
2871 79
2870 80
2877 62
2876 89
2875 22
2874 51
2879 27
2878 86
1360 16
1768 106
1769 124
1361 16
1762 13
1763 22
1760 16
1761 20
1766 56
1767 60
1764 100
1765 59
1142 15
1143 112
1140 14
1141 13
1146 58
1147 60
1144 45
1145 114
1148 38
1149 15
768 28
2966 72
692 16
693 49
1544 77
1545 17
696 89
697 27
694 38
695 112
698 57
699 49
1548 48
1549 76
542 11
543 13
540 16
541 13
546 17
547 14
544 14
545 19
548 17
549 19
760 12
761 47
2969 66
2968 92
764 17
765 16
414 37
415 17
416 21
417 72
410 13
411 20
412 13
413 17
1384 60
1385 104
1386 72
1387 77
418 11
419 13
1382 59
1383 47
1254 35
1292 63
1447 16
368 15
369 13
366 15
367 49
364 15
365 17
362 13
363 15
360 13
361 16
1368 41
380 45
381 14
382 16
383 18
384 12
385 11
386 12
387 12
388 18
389 12
1369 41
1253 60
1077 12
2190 11
2191 14
258 13
259 13
2194 106
2195 88
2196 119
2197 105
2198 127
253 23
250 16
251 48
256 15
257 13
254 76
255 11
2200 68
2201 103
2202 114
2203 97
2204 64
2205 19
2206 34
2207 51
2208 81
2209 45
2428 24
2429 33
2420 87
2421 128
2422 18
2423 93
2424 96
900 11
2426 21
2427 17
2432 19
901 12
168 16
169 13
164 16
165 16
166 19
167 15
160 13
161 15
162 14
163 12
2518 66
2519 65
2514 62
2515 70
2516 65
2517 68
2510 18
2511 11
2512 15
2513 55
2734 116
2735 27
2736 22
2737 68
2730 67
2731 19
2732 68
2733 71
2738 56
2739 91
1090 13
1091 14
1814 15
1815 18
1816 27
1817 22
1810 106
1811 110
1812 18
1813 19
1818 22
1819 24
1098 109
1099 124
1609 106
1608 88
1979 17
1978 106
1601 66
1600 12
1603 69
1602 88
1605 97
1604 59
1607 14
1606 17
809 11
808 12
803 11
802 9
801 15
800 19
807 13
806 15
805 11
804 14
2848 56
2849 100
2846 93
2847 60
2844 20
2845 55
2842 70
2843 60
2840 72
2841 81
2698 70
909 13
1259 58
1775 23
1774 52
1777 17
1776 15
1771 82
1770 62
1773 16
1772 13
1779 16
1778 14
2806 52
2998 98
1159 83
1158 35
2999 62
1155 101
1154 86
1157 17
1156 13
1151 16
1150 15
1153 41
1152 38
2807 67
1555 16
1554 61
1551 48
1550 80
1553 49
1552 85
59 27
58 47
1557 15
1556 13
55 11
54 24
57 11
56 11
51 20
50 16
53 12
52 24
537 32
536 77
535 21
534 15
533 96
532 20
531 127
530 18
2992 19
539 17
538 20
2993 102
1558 19
2994 62
2995 17
2996 91
2997 63
429 17
428 12
1399 44
1398 74
1397 83
1396 46
1395 44
422 11
1393 84
1392 68
1391 64
1390 85
1420 55
1423 95
1443 55
2331 20
2183 17
2182 19
2181 129
2180 42
2187 74
2186 96
2185 53
2184 87
227 10
226 17
225 15
2188 106
223 11
222 45
221 15
220 19
2213 23
2212 13
2211 72
2210 91
2217 122
2216 92
2215 107
2214 24
2219 92
2218 78
151 12
150 15
2439 64
152 13
155 10
154 15
157 14
156 18
2433 85
158 13
2431 20
2430 19
2437 80
2436 52
2435 44
2434 49
123 61
2974 26
2509 14
2508 16
2507 34
2506 18
2505 21
2504 25
2503 14
2502 23
2501 81
2500 100
2727 50
2726 90
2725 19
2724 12
2723 93
2722 114
2721 101
2720 86
2729 29
2728 60
1712 40
1807 87
1806 79
1805 120
1804 20
1803 20
1802 27
1801 27
1800 18
1809 60
1808 54
1256 12
1948 76
1949 26
1257 72
1942 24
1943 20
1940 27
1941 16
1946 104
1947 67
1944 19
1945 67
818 17
819 12
1255 68
2425 13
810 12
811 11
812 11
813 14
814 13
815 14
816 14
817 10
2859 83
2858 73
1250 17
1622 56
2851 123
2850 85
2853 21
1251 26
2855 65
1621 60
2857 73
2856 89
1490 17
421 15
1492 12
1493 16
1494 18
1495 43
1496 46
420 11
1498 41
3203 75
423 12
1626 89
1700 103
1701 15
1702 15
1394 88
1704 23
1705 115
1706 84
1707 45
1708 53
425 13
1996 22
424 12
427 10
426 14
1128 12
1129 12
1120 14
1121 40
1122 34
1123 10
1124 10
1125 9
1126 13
1127 10
2989 90
2988 79
3029 16
3028 80
3027 87
2982 15
2981 78
2980 71
2987 86
2986 91
2985 91
2984 43
524 15
525 17
526 13
527 64
520 12
521 11
522 14
523 11
1014 61
1015 49
1016 26
1017 23
528 14
529 19
1012 103
1013 60
1234 94
1235 109
1236 90
1237 62
1230 39
1231 34
1232 16
1233 43
1238 72
1239 12
438 18
439 23
436 14
437 14
434 15
435 80
432 15
433 17
430 12
431 12
1630 65
473 10
559 16
558 62
555 12
554 14
1162 71
1961 66
995 11
2949 82
994 12
2948 72
997 14
996 17
238 17
239 21
234 15
235 12
236 40
237 15
230 15
231 20
232 16
233 15
2944 83
1963 15
2228 61
2229 88
2226 54
2227 58
2224 24
2225 21
2222 22
2223 21
2220 71
2221 25
1 16
146 53
147 15
144 91
145 13
142 15
143 20
140 13
141 14
999 13
148 14
149 27
2088 24
2089 16
2082 87
2083 69
2080 67
2081 87
2086 22
2087 17
2084 26
2085 19
2538 87
2539 27
2532 20
2533 27
2530 24
2531 16
2536 72
2537 80
2534 116
2535 92
2712 79
2713 19
2710 85
2711 84
2716 100
2717 78
2714 66
2715 69
2718 66
2719 66
1832 17
1833 21
1830 22
1831 21
1836 58
1837 36
1834 86
1835 55
1838 17
1839 24
2154 65
2155 60
939 12
2157 20
2150 67
2151 65
2152 83
2153 83
933 11
932 15
931 17
930 16
937 17
936 14
935 15
934 12
2829 96
1955 24
1954 20
1957 57
1956 98
1951 74
1950 20
1953 18
1952 11
2673 18
1959 66
1958 65
829 18
828 29
825 57
824 67
827 23
826 17
821 17
820 14
823 19
822 33
1483 50
1482 59
1481 12
1480 16
1487 90
1486 67
1485 75
1484 56
1489 70
1488 78
797 12
2411 31
795 17
794 46
793 12
792 23
791 12
929 10
1719 66
1718 44
2413 45
799 49
798 14
612 15
2144 83
613 11
2415 21
610 11
2414 17
1139 15
1138 13
2141 68
1133 17
1132 18
1131 15
1130 10
1137 11
1136 16
1135 143
1134 84
2419 19
614 13
2418 20
476 16
615 72
3142 120
3018 92
3019 15
1994 14
3012 61
3013 88
3010 51
3011 79
3016 63
3017 63
3014 94
3015 128
519 14
518 14
926 10
1009 34
1008 49
1007 38
1006 35
1005 14
512 12
1003 128
1002 79
1001 65
1000 12
1227 11
622 13
1225 64
620 10
1223 98
1222 17
625 14
1220 12
629 17
628 17
1229 13
1228 12
2882 83
2883 90
2880 54
2881 47
2886 84
2887 101
2884 79
2885 66
2888 70
2889 92
2 17
1714 20
2958 60
11 27
10 13
13 13
12 18
15 12
14 27
17 14
16 15
19 13
18 15
2959 69
928 13
2742 79
201 15
200 15
203 21
202 63
205 45
204 14
207 15
206 12
209 16
208 18
1573 19
1572 101
1571 72
2239 25
2238 14
1570 56
998 13
2231 62
2230 70
2233 233
2232 107
2235 14
2234 15
2237 11
2236 30
1575 17
1574 16
229 11
228 11
2095 78
2094 66
2097 77
2096 95
2091 71
2090 20
2093 72
2092 105
2099 26
2098 20
2525 75
2524 72
2527 72
2526 87
2521 26
2520 26
2523 71
2522 84
1293 23
2529 21
2528 21
2709 94
2708 57
2705 87
2704 57
2707 76
2706 33
2701 101
2700 66
2703 84
2702 101
1829 98
1828 67
516 12
1825 96
1824 116
1827 104
1826 59
1821 26
1820 16
1823 16
1822 21
2147 77
2146 85
2145 103
2412 25
2143 23
2142 99
2417 15
2140 65
920 17
921 13
922 11
923 11
924 10
925 17
2149 34
2148 67
1920 18
1921 36
1922 27
1923 47
1924 85
1925 69
1926 71
1927 52
1928 93
1929 82
475 15
832 13
833 17
830 16
831 15
836 15
837 13
834 15
835 16
838 13
839 15
3 15
784 11
785 18
786 14
787 11
780 18
781 11
782 11
783 10
1726 137
1727 120
1724 51
1725 93
788 20
1723 54
1720 41
1721 80
468 13
153 14
60 18
61 12
62 16
2438 111
64 14
65 20
66 16
67 12
68 67
69 32
3009 45
3008 85
1371 17
1588 68
1589 101
406 28
1582 14
1583 16
1580 17
1581 18
1586 35
1373 24
1584 19
1585 16
159 12
1038 16
1372 14
508 11
509 11
1032 92
507 13
1030 54
505 12
502 12
503 17
500 11
1374 13
1212 44
1213 33
632 21
633 24
1216 69
401 15
636 14
637 89
638 18
639 13
1218 14
1219 17
2416 20
2899 58
1728 83
2895 45
2894 60
2897 105
1729 22
2891 53
2890 86
2893 112
2892 75
1106 13
1107 12
1104 15
1105 13
1102 13
1103 13
1100 20
1101 20
1458 61
1459 51
1108 95
1109 44
1722 72
789 11
1577 23
1576 21
959 17
958 15
2945 72
2131 19
216 17
217 8
214 14
215 17
212 10
213 13
210 20
211 12
218 14
219 12
957 16
956 14
462 97
4 13
2550 22
2551 15
2552 25
2553 20
2554 75
2555 72
2556 78
2557 55
2558 50
2559 65
3007 11
2396 119
2397 14
2394 29
63 42
2392 21
2393 23
2390 96
2391 24
3022 64
3001 108
2398 77
2399 49
2778 15
2779 42
3003 48
2770 55
2771 88
2772 43
3002 98
2774 12
2775 19
2776 72
2777 76
2802 80
2803 28
2800 71
1858 41
1859 36
2801 76
1850 19
1851 16
1852 62
1853 84
1854 96
1855 83
1856 143
1857 19
2172 14
2173 29
2170 38
2171 14
919 10
918 9
2174 52
2175 90
915 11
914 12
917 9
2805 52
911 14
910 13
913 9
912 21
2604 65
2605 63
2606 86
2607 22
2600 22
2601 27
2602 19
2603 49
2608 18
2609 57
1933 68
1932 70
1931 71
1930 98
1937 57
1936 127
1935 55
1934 57
1939 94
1938 58
1348 81
847 23
846 13
845 15
844 12
843 10
842 15
841 15
840 14
1426 66
849 83
848 57
459 12
1587 59
1739 56
1738 86
1731 19
1730 20
1733 19
1732 15
1735 55
1734 22
1737 18
1736 16
1039 15
753 23
752 14
751 18
750 13
757 14
756 17
755 64
754 12
759 57
758 35
3070 64
3071 76
1597 14
1596 16
3074 88
3075 58
1593 56
3077 155
2954 67
2955 53
2956 74
2957 103
1599 16
2951 98
2952 24
2953 60
1025 68
1024 17
1027 13
1031 34
1021 14
1020 14
1023 16
1022 15
1036 15
1029 80
1028 51
1037 18
1034 63
501 11
224 71
604 11
607 12
606 21
601 20
600 16
603 13
602 11
1205 22
1204 25
1207 14
1206 89
609 11
1210 44
1203 12
1202 13
1211 34
634 14
1217 17
3108 43
1214 41
3104 56
3105 78
3106 85
1215 50
3100 74
3101 83
3102 58
3103 81
1111 44
1110 44
1113 80
1112 66
1115 41
1114 38
1117 55
1440 43
1119 14
1118 15
1351 48
1449 11
1448 17
466 12
461 19
1356 12
463 15
489 18
488 17
487 10
486 12
485 16
1354 73
483 37
482 16
481 24
480 16
991 16
990 44
723 10
993 13
992 13
3005 99
2898 75
1567 50
3004 67
2896 53
199 10
198 16
2066 19
195 13
194 15
197 13
196 16
191 14
190 9
193 15
192 16
2543 72
2542 101
2541 93
2540 19
2547 95
2546 76
2545 52
2544 52
3006 70
1274 44
2549 24
2548 21
1456 99
2381 19
2380 101
2383 83
2382 18
2385 19
2384 16
2387 48
2386 16
2389 65
2388 72
1451 15
2769 48
2768 37
1452 12
2763 21
2762 20
2761 14
2760 15
2767 88
2766 64
2765 94
2764 66
902 10
903 12
1849 15
1848 32
906 13
907 13
904 12
905 12
1843 52
1842 21
1841 20
1840 18
1847 101
1846 97
1845 89
1844 150
2169 71
2168 48
2165 50
2164 66
2167 93
2166 65
2161 19
2160 87
2163 81
2162 52
2617 23
2616 37
2615 22
2614 19
2613 15
2612 13
2611 17
2610 60
2619 61
2618 38
1908 112
1909 39
1906 84
1907 60
1904 27
1905 65
1902 63
1903 23
1900 55
1901 68
854 82
855 63
856 55
857 32
850 47
851 64
852 17
853 13
858 52
859 11
6 16
740 11
741 13
742 13
743 10
744 12
745 11
746 11
747 16
748 19
749 12
1799 19
3063 24
3062 19
3061 18
3060 51
3067 96
3066 82
3065 71
3064 84
2947 98
2946 76
3069 83
3068 61
2943 78
2942 22
2941 65
2940 99
1050 28
1051 92
1052 58
1053 27
1054 12
1055 17
1056 11
1057 13
1058 15
1059 11
718 32
1696 59
1697 78
1694 48
1695 119
1692 59
1693 81
1690 24
1691 110
715 13
1698 92
1699 101
1278 62
1279 45
618 33
619 98
1270 59
1271 52
1272 104
611 12
616 147
617 51
1276 13
1277 17
711 12
710 12
3119 42
3118 56
3117 88
3116 90
3115 86
3114 92
3113 59
3112 121
3111 93
3110 72
1472 48
1473 46
1470 137
1471 60
1476 98
1477 21
1474 69
1475 62
1478 14
1479 15
1304 29
1305 44
1306 43
1307 117
1300 11
1301 13
1302 15
1303 19
1497 95
1308 103
1309 82
2804 39
498 12
499 12
1499 14
494 26
495 82
496 17
497 97
490 14
491 22
492 66
493 18
24 14
25 13
26 15
27 20
20 36
21 14
22 19
23 22
927 20
28 15
29 12
3182 97
1703 73
1516 87
1709 75
597 16
7 13
2288 65
2289 138
2280 28
2281 24
2282 19
2283 72
2284 26
2285 46
2286 64
2287 72
446 13
2578 29
2579 62
2576 23
2577 26
2574 27
2575 23
2572 102
2573 14
2570 72
2571 71
2395 36
2378 89
2379 75
2374 63
2375 94
2376 68
2377 92
2370 76
2371 42
2372 88
2373 79
2594 75
2595 79
2596 65
2597 63
2590 11
2591 15
2592 84
2593 81
2598 97
2599 22
1876 36
1877 85
1874 89
1875 66
1872 19
1873 38
1870 53
1871 64
595 78
1878 79
1879 99
977 19
976 12
975 23
974 51
973 65
972 102
971 56
970 12
596 38
979 16
978 12
182 19
183 13
180 19
181 19
186 16
187 11
184 23
185 85
2110 72
2111 68
188 18
189 15
2114 57
2115 18
2116 25
1559 18
2622 121
2623 79
2620 104
2621 63
2626 64
2627 79
2624 75
2625 99
2628 87
2629 72
1919 20
1918 17
1911 80
1910 55
1913 21
1912 53
1915 84
1914 19
1917 33
1916 76
869 13
868 22
2113 120
861 57
860 43
863 10
862 16
865 67
864 16
867 86
866 11
2024 20
2025 26
2026 13
2027 21
2020 113
2021 21
2022 19
2751 74
2828 124
2117 24
2028 24
2029 18
2758 25
2759 24
883 14
882 12
881 16
880 16
887 25
886 13
885 13
884 21
889 16
888 21
2824 30
2825 31
657 18
775 14
774 10
777 14
776 16
771 14
770 14
773 11
772 13
779 14
778 21
77 17
76 17
75 15
74 14
73 14
72 13
71 96
70 35
2972 67
2973 65
2970 93
2971 97
2976 24
2977 65
3050 66
3051 23
1043 49
1042 15
1041 12
1040 14
1047 45
1046 87
1045 42
1044 40
1049 64
1048 64
1681 100
2983 18
1683 49
1682 43
1685 47
1684 85
1687 24
1686 66
1689 26
1688 21
3025 77
1269 14
3024 99
669 13
668 14
1263 33
1262 62
665 12
664 11
663 10
662 12
1265 92
1264 110
3021 123
3020 79
3128 83
3129 68
3122 19
3123 19
3120 95
3121 69
3126 31
3127 75
3124 72
3125 93
1469 107
1468 92
1465 64
1464 76
1467 52
1466 10
1461 10
1460 39
1463 59
1019 14
1317 13
1316 16
1315 96
1314 47
1313 17
1312 12
1311 11
1310 21
1319 16
1318 12
1010 75
1011 16
319 63
318 15
313 17
312 15
311 13
310 19
317 19
316 19
315 13
314 18
1520 18
2756 25
2757 14
2754 63
443 17
2755 16
442 15
2752 21
441 90
2753 123
440 88
2750 110
447 14
2023 19
1330 17
445 11
444 14
2694 16
2692 150
630 56
2299 83
2298 76
2293 17
2292 17
2291 21
2290 29
2297 93
2296 14
2295 26
2294 22
2569 73
2568 97
2561 79
2560 60
2563 12
2562 12
2565 18
2564 15
2567 95
2566 26
908 12
2369 83
2368 72
2367 78
2366 58
2365 57
2364 26
2363 17
2362 22
2361 20
2360 19
2587 19
2586 26
2585 22
2584 64
2583 28
2582 88
2581 68
2580 95
39 30
2589 20
2588 14
1861 66
1860 42
1863 20
1862 117
1865 16
1864 16
1867 49
1866 22
1869 77
1868 75
964 84
965 13
966 15
967 15
960 14
961 36
962 59
963 46
968 19
969 11
2109 66
2108 39
2103 16
2102 17
2101 19
2100 12
2107 49
2106 125
2105 65
2104 17
2639 13
2638 14
635 14
652 16
2635 18
2634 75
2637 15
2636 16
2631 104
2630 38
2633 42
2632 85
1537 13
878 17
1536 63
876 13
877 18
874 12
875 15
872 17
873 12
870 15
871 12
2741 72
2740 80
2743 25
3091 91
2745 40
2744 63
2747 39
2746 71
2749 79
2748 40
2039 26
1532 13
890 29
891 71
892 54
893 60
894 65
895 23
896 15
897 21
898 10
899 11
3095 58
649 12
1247 62
1248 48
641 14
1964 21
1965 26
1966 22
2965 23
2964 21
2967 87
1615 51
2961 62
2960 17
2963 68
2962 54
1780 24
1612 64
1782 43
1783 55
1784 64
1785 41
1786 61
1787 61
3049 97
3048 87
1962 103
3041 102
3040 65
3043 68
3042 76
3045 57
3044 47
3047 89
3046 61
1078 15
1079 15
1076 11
1535 60
1074 10
1075 11
1072 60
1073 28
1070 17
1071 52
1678 46
1679 81
1674 82
1675 41
1676 93
1677 98
1670 26
1671 106
1672 37
1673 44
1094 11
1095 13
1096 19
1097 30
678 52
679 66
1092 13
1093 13
674 25
675 115
676 18
677 68
670 142
671 65
672 16
673 14
3135 90
3134 86
3137 55
3136 76
3131 74
3130 73
3133 66
3132 92
3139 60
3138 103
1533 55
1418 17
1419 16
1410 81
1411 78
1412 109
1413 71
1414 17
1415 120
1416 50
1417 54
1322 12
1323 91
1320 13
1321 12
1326 72
1327 76
1324 85
1325 89
1328 14
1329 16
656 20
1531 29
1524 63
1525 86
1526 63
1527 88
1252 64
1521 18
1522 12
1523 75
1528 64
1529 47
1258 62
646 17
308 12
309 12
300 43
301 15
302 11
303 45
304 17
305 10
306 10
307 12
2978 74
2979 117
3058 57
3059 68
988 19
3056 67
989 14
3057 96
3054 74
3204 76
3055 53
3052 105
732 13
3053 88
79 18
78 80
1446 16
2773 20
984 14
985 11
114 17
2990 89
2358 109
2359 85
2352 15
2353 56
2350 20
2351 16
2356 64
2357 75
2354 102
2355 83
2991 79
112 16
1898 14
1899 25
1894 19
1895 19
1896 14
1897 13
1890 94
1891 84
1892 87
1893 29
2136 35
2137 90
2134 61
2135 59
2132 19
2133 23
2130 89
1680 113
951 34
950 70
953 12
952 15
955 17
1267 62
2138 80
2139 53
2648 61
2649 45
2640 12
2641 21
2642 29
2643 54
2644 65
2645 91
2646 89
2647 28
2002 153
2003 103
2000 66
2001 36
2006 25
2007 9
2004 76
2005 25
3033 102
2008 26
2009 18
506 11
2852 63
1268 15
3026 87
667 12
666 15
717 41
2176 95
504 11
1261 67
2177 107
2910 22
2911 121
2912 77
1798 15
2914 56
2915 58
719 67
2917 22
2918 82
2919 95
1791 19
1790 23
713 12
712 12
1795 22
1794 25
661 29
716 10
660 17
2178 90
1069 20
1068 14
916 9
1061 11
1060 11
1063 17
1062 81
1065 23
1064 15
1067 50
1066 114
3023 70
1669 29
1668 32
1667 29
1666 25
1665 168
1664 90
1663 20
1662 29
1661 16
1660 11
1087 43
1086 23
1085 17
1084 55
1083 74
1082 17
1081 13
1080 13
599 14
598 42
1089 13
1088 78
3140 68
3141 65
714 10
3143 61
3144 55
3145 70
3146 82
3147 84
3148 69
3149 70
2826 72
2827 81
2820 104
2821 71
2822 54
2823 62
1409 106
1408 105
1403 57
1402 47
1401 44
1400 40
1407 19
1406 17
1405 16
1404 61
1546 16
449 12
448 12
1339 18
1338 18
1491 100
1547 18
1335 15
1334 70
1337 19
1336 18
1331 68
690 19
1333 59
1332 31
691 49
1542 76
1631 45
1543 114
3201 72
38 17
1540 51
33 20
32 15
31 10
30 18
37 13
36 23
35 16
34 13
1241 13
3093 59
3090 72
1534 81
3096 90
3097 106
3094 115
1530 61
1249 20
648 11
3098 58
3099 66
1539 13
1538 13
339 17
338 12
335 62
334 18
337 15
336 22
331 18
330 18
333 24
332 47
2975 17
2061 88
1633 39
2062 63
1634 53
2118 22
3195 48
2063 11
1635 45
8 17
2119 19
1353 38
2064 87
1636 62
3200 66
1462 82
1352 46
2854 15
653 23
2065 88
1454 103
1991 23
2345 53
2344 118
2347 19
2346 21
2341 121
2340 71
2343 102
2342 116
2349 27
2348 13
1455 75
1350 125
2067 25
1889 100
1888 76
1887 36
1886 102
1885 93
1884 61
1883 21
1882 21
1881 18
1880 22
2121 18
2120 18
2123 19
2122 19
2125 76
2124 17
948 16
949 62
946 23
947 13
944 72
1457 65
942 87
943 14
940 54
941 45
3038 51
1594 62
2410 42
2659 22
2658 19
642 13
2653 18
1450 20
2651 75
2650 71
2657 68
2656 69
2655 22
3039 91
769 13
132 11
131 15
130 15
137 17
136 16
135 14
134 18
139 11
138 18
2019 75
2018 70
2920 81
2015 67
2014 20
2017 81
2016 74
2011 14
2010 13
2013 12
2012 14
1453 88
3034 71
2112 69
3000 63
2903 78
2902 82
2901 81
2900 67
708 14
709 10
2905 105
3035 70
704 23
705 19
706 13
2908 17
700 12
701 12
702 12
703 11
88 27
89 25
82 31
83 19
80 22
81 13
86 31
87 20
84 29
85 16
3036 72
762 18
1658 61
1659 45
2487 52
1652 102
1653 71
1650 98
1651 113
1656 14
1657 46
1654 55
1655 27
586 18
587 12
584 16
3037 65
763 23
583 16
580 13
581 15
1632 62
588 12
589 16
3153 104
3152 91
3151 47
3150 96
3157 97
3156 66
3155 12
3154 68
2837 57
2836 53
3159 18
3158 56
2833 110
2832 72
2831 22
2830 19
1436 15
3030 70
1434 62
1435 69
1432 62
1433 112
1430 58
1431 34
1380 52
1637 67
1438 34
1439 56
1260 62
1299 15
1541 49
458 15
1349 83
450 16
451 16
452 16
453 13
454 15
455 13
1346 77
457 16
3032 83
766 13
517 15
1266 15
1502 63
1503 70
1500 13
1501 39
1506 96
3088 73
1504 68
1505 66
3085 68
3084 67
3087 120
3086 72
767 32
3080 80
3083 60
659 14
1992 29
2127 99
1598 17
2126 38
2129 36
2128 59
631 17
568 14
945 17
569 11
2816 78
1376 13
322 84
323 17
320 75
321 126
326 11
327 20
324 12
325 16
328 11
329 75
564 11
1340 29
565 10
2330 22
1595 72
2332 21
2333 25
2334 20
2335 21
2336 19
2337 39
2338 31
2339 66
1341 68
3072 96
3073 69
1995 20
1591 124
1590 84
3076 121
1592 61
3078 73
3079 39
2488 40
2489 26
2486 88
2950 74
2484 91
2485 68
2482 60
2483 136
2480 96
2481 51
1518 66
2248 58
2249 67
2652 70
2244 17
2245 107
2246 64
2247 87
2240 17
2241 25
2242 25
2243 20
2464 21
2465 25
2466 22
2467 22
2460 14
2461 12
2462 15
2463 16
2468 17
2469 43
120 17
121 14
122 19
1026 54
124 42
125 12
126 16
127 10
128 12
129 14
2654 19
133 17
1295 72
2068 18
2069 32
2798 72
2799 61
2792 12
2793 13
2790 16
2791 18
2796 17
2797 19
2794 90
2795 84
2666 63
2667 88
2664 43
2665 82
2662 24
2663 26
2660 21
2661 25
722 12
2668 75
2669 88
2938 70
2939 87
2936 89
2937 66
2934 22
2935 21
2932 42
2933 29
2930 51
2931 196
1645 60
1644 38
1647 97
1646 71
1641 105
1640 18
1643 56
1642 57
1649 64
1648 13
728 68
729 12
605 63
579 10
578 16
573 16
572 16
571 16
570 14
577 11
576 12
575 16
574 17
2808 58
2809 62
3168 24
3169 24
3166 79
3167 45
3164 93
3165 80
3162 42
3163 100
3160 114
3161 24
1421 70
2406 72
1997 94
1422 15
1425 100
1424 38
1427 74
2407 47
1429 43
1428 44
2404 19
731 66
730 63
733 17
938 10
735 16
734 17
737 13
736 14
739 11
2402 115
2403 19
1359 83
1358 53
469 12
2400 66
465 11
464 82
467 14
2401 88
1357 12
460 11
1355 13
608 15
1273 30
2158 29
2159 18
1519 85
2408 37
1515 52
1514 54
1517 110
2409 43
1511 25
1510 22
1513 12
1512 17
3031 87
281 46
1275 20
1004 12
280 17
3184 41
3185 45
3186 22
3187 36
3180 58
3181 85
585 120
3183 65
3188 54
3189 50
582 12
3109 43
49 16
357 14
356 11
355 15
354 22
353 15
352 13
351 18
350 20
359 11
358 15
3107 51
43 15
1033 92
2323 68
2322 49
2321 78
2320 84
2327 59
2326 54
2325 37
2324 76
2329 17
2328 20
1445 70
484 12
289 13
288 16
1444 35
1793 26
5 13
283 13
282 74
285 16
284 76
287 15
1442 17
1441 76
1116 54
263 15
262 12
261 11
260 13
267 17
266 17
1792 103
264 14
286 17
269 14
268 16
1290 96
2499 122
2498 65
1291 11
2491 42
2490 62
2493 47
2492 52
2495 30
2494 80
2497 88
2496 69
2193 45
1294 52
2259 19
2258 41
2257 18
2256 23
2255 25
2254 89
2253 74
2252 97
2251 59
2250 22
2477 22
2476 22
2475 20
2474 22
2473 20
2472 15
2471 93
2470 130
982 56
983 19
980 42
981 55
986 20
987 19
2479 65
2478 19
115 12
252 56
117 18
116 64
111 59
110 11
113 14
2199 18
119 13
118 14
2785 61
2784 56
2787 91
2786 121
2781 26
2780 54
2783 24
2782 20
2789 17
2788 27
1797 21
2079 15
2078 57
2073 22
2072 20
2071 18
2070 18
2077 36
2076 50
2075 25
2074 24
1388 76
1796 19
1035 62
1389 68
2671 23
2670 58
2060 119
2672 25
2675 18
2674 91
2677 16
2676 16
2679 60
2678 21
1209 20
2929 87
2928 84
2921 105
954 23
2923 102
2922 123
2925 116
2924 106
2927 73
2926 53
1208 16
2907 64
2906 82
1986 17
1987 19
1984 15
1985 18
1982 20
1983 13
1980 20
1981 16
1638 79
1639 12
2904 52
1988 60
1989 78
1781 56
2909 25
2815 62
2814 14
2817 71
707 11
2811 70
2810 91
2813 41
2812 92
560 13
561 17
562 11
563 11
2819 75
2818 20
566 12
567 14
3179 61
3178 13
3171 50
3170 35
3173 56
3172 66
3175 69
3174 45
3177 69
3176 77
2179 75
1188 71
1189 14
1186 51
1187 17
1184 70
1185 50
1182 48
1183 46
1180 68
1181 60
726 45
727 49
724 121
725 13
1748 84
1749 69
720 18
721 38
1744 58
1745 72
1746 41
1747 98
1740 60
1741 116
1742 78
1743 49
1164 54
1165 60
1166 81
1167 51
1160 76
1161 82
640 16
1163 52
1168 42
1169 91
3092 100
472 12
2913 82
48 97
1367 22
46 68
47 15
44 16
45 15
42 18
2034 61
40 101
41 16
1568 45
1569 31
1298 17
471 11
1788 91
1560 13
1561 14
1562 14
1563 33
1564 75
1565 55
1566 50
477 17
1713 66
474 13
796 123
591 21
2033 122
1711 105
1381 113
1710 78
1789 15
1717 59
1716 20
1366 115
1715 15
590 16
2032 52
1201 18
790 10
3197 42
3196 52
470 13
3194 56
3193 47
3192 47
3191 41
3190 41
478 11
479 39
2916 110
3199 86
3198 48
